
8685011051911144189
-8468309815802339145
abc05079ade129b2af1f65c9496cfd4c
8941004724116382975
20b04c4e3658c03b2bce627ea16e2744
3161046987349327273
-9108183030780636432
-9024792760237967973
-6760862920002939565
8aacdbeaf528e7c6f5203a4d1e9f0337
63b40ef7764fd3ac9dc58ee9618ea4cd
1706224439160528298
70a505b1b9d4b87e73a9ccc47c5a15b0
fb3240495475a5874b5211af5b6f9861
1760273976640126701
8693573669868997068
339296745809529076
-9103129113544236955
219929734179797113
-2395547117758182071
-3338246067288664276
-7265694736617491972
-8410201685604529926
4618878391040829762
9072797245315162023
ead52ff6a731c290121621525624adc9
3451171606562459206
-3938463132359655671
5638706866083089610
4866650654251145996
4260da81dd21ba373aa6c299547ed335
-5797642068326714728
a6a35e149113b0ee55b30322d9dcda15
-6327501766540177253
2195636840163078418
-797295003112217960
-4950789088218197267
4663976833283229419
7c913a16ca7cd26f1f34c3be6612c64a
-5564454251407273036
711dd177fac9723bcfe340133e13cb49
-991784959047735937
1214218717847624678
5171062050080966633
2738619777758856183
bec49670339fa5d718a11012128a092e
-4839715125516545199
67f2b8d762bb0ddeed484feb3a84d4e2
1785505703835763748
-333251791943714387
8486850873143897980
fc6a948663375775194e49fcd75bdd3f
7497f6ef382244c69909445fb9432247
-5204692333596055666
-5419867308011406664
7807323453868351486
-3831425297102386595
086764b95ebf8676dcc43d9da88dbf29
-6537522306355982324
-355461879790517083
-8893465985465355238
7736976632014096579
520167969552124333
-222340601682486582
-4004741464381841339
-1847442669882694917
-3083086280985799446
-8349545139155829964
3d7bbf4844ef6719575bf7acbc6e8645
76f64ec1a6f3a05f8d102fe24f970c14
3075229831628727393
-5504877234690733565
5716088867791502695
-3879373180696320721
-7635602338404498500
228171409166104114
7009310588113519204
4eb7464c8fc39f49eb764497f5782ee2
-1790785733816145395
1815743451155371288
8596108594670188064
498053709879924273
-7831400679169718615
7142860377944153776
-7443572492741228985
-4068397864308742880
-8525587445620755817
-3851681640872329027
a79a8480c2f1721db366cc4389175727
4692938617371414002
2422174175158004716
-1700423812329267855
-5898766927657746476
5487f6bbca61ab52eb4cf81cd81526da
-7961954498090741728
6173272125324007517
7585651edb06357cf0c623523226f62e
751340219c1c294d85b93be0c5532769
09e53cf447257507cc347c5a0db26511
-6588134919595891366
-6105495897345614402
-1593642117862031756
-6341732303495330379
-2894066357494195374
5667156397338957197
8570149240526614006
6498701125472383333
5177548741060102523
-261295478087109623
-7761774717568800212
9ddd7424a41e317646542f747cb2bab1
-5717366889683295495
3063068402032783134
4340365514412462992
915069729876605045
-2857591438718096835
4ec5ac6a0dc489bd907db87b1d3e3f6b
-4957738402243104540
247172746314108812
581642182701313419
5777792505417550917
-3896883560726093138
089f1be140764fa237f6247abd421357
d050d99139679c3bbe59b32021bffe67
-1021913847195066158
3776032179661811112
607bd3188306e29ac174f2fe4b1811d8
9f9340e41e21034eb619862c792c20c6
4319314985747588219
3189540215669739787
-3919987574878307671
-5475414624118749716
-214761274514400779
3973049991428940510
-3138771903910880774
-6776143608404113029
ab129b6fc71456ba2481aab0f6639088
bd04d771658f1065078afbd82b004b94
005e4f18b407c6d93eac0ae9c56ad265
-6117790992235332069
7947693178699283863
-3887683620836359757
3836510165475418805
-5175793331812725845
-6142129142541832739
-4119808917682269876
-4156327854599021613
913629183790972611
8100857234698020940
-5628576040107758281
-6945580691360143353
-4809732460847476426
-6307143474813452785
d61825a11daca43fe4840437b689c346
1460597389876169138
4451704172307408504
7894560657376284556
ed9aaf09dcf45281aacd564bfa7953d8
-8750790306446516387
cfc588feea462b1336e6242881987a91
-7582745355407135947
-2277641831386949370
-2104211103774357486
4740664618636078046
-2414869948140188226
-2383642193789855909
c3d6cd2c020104bccd2a1ffc6a1cdc51
7862666463077132284
8766135713778240214
713fce2436c1edeba678d594c4411f75
-8369610878168335704
-3595867308939491150
3787628034726709321
1b59e6645e40a749b1ff0a9c079c5d7a
-8572062311228489752
5368148131628185616
039c5570ec30fa380acc568367ded3a5
6596222957788409318
-8349904880465018207
5431737684750359961
5751376181716323687
1f6c1f9f992203e01208f922a109ac32
-3895467063309158733
-1273665670094907409
3417660039542174539
6134519227291571101
-3618956180918725073
9221629558977859893
5d80d13e652207390c84b80502ff6200
-4552494627001253067
a2616f7b4e9dbe34f2d7ad71dc0f167a
820f4b5d085136f9f71f81c826013a88
6340083826415578499
-4667797370450290748
-5843342868355768063
-6044004424998172563
-6807916979907807759
-8443717860028060569
d2c4efce471b40ebdef525d2316d0e06
2498534183333039259
5007a76845fc34a35a1832e20c5d68fe
52e68838a73ed0993c39e40ac38cb149
5893957895115412094
-7018630300137886811
5247013258299135564
-1479268798536739200
-5859644560928303971
-1438147858743758651
-1150694447728580733
3285112532076661720
-682054286354863725
2ce6afdae93b5e3183c3fcb43b2705c4
-73462482556561767
-8928481563523377229
6284743678952010312
c5f646c7fbde9a8e5ac3a2552ff3764d
2551611509217274126
4218513643658947406
2512517485650019236
6527589562671105865
dbe86efa3c52511cab96664117ab4bf3
8053343048749983782
8720536896794877294
2273c295c27e6c48b8381fc71d83bb45
4ba94f426e07d3d8675b9ce7fb1d4ecf
733937066612813964
e194d1ab3a7b9a7fbbfded5c656b6ce5
b2ad1a5c2d0277c25c9ee024e8076644
-4173482204479494767
-7840558714686300707
-1592199413199218670
62ef602697a854267651feb9ae49be36
-8178392474856527756
-8870454932322441854
-2846276149395910122
8921166061513117271
3107618217157739587
b5899e3f5d3137de8d9bc4087e885dd8
3d1606843734fbd7b3d18f6d1de51870
-2070880803715762959
a684fbb7fca1bf817286457a37f26cab
-1644660448879080549
-566888566346841197
c28de481d09a90aaabf7615f13a9f600
3686757364735570145
-7707430008220226926
453b3fd9f21c6da0e5f1b45b41474cec
8537304761648540557
8615127544303596128
7108124468830608642
-75800309147685825
dc0ae804d643d4f4c040308985607b2d
-4256626993200548560
455429611734270983
fa5e9d5446c7d67956785f5c7847a394
9d86bb3e75ec63b7a1845b7cf99f86ea
5794978721140782330
-5036579512331381180
-5263667864385100086
-3491240271864436275
-2926688146273972057
2f9b77e7421f463bf1e227f18886ceee
-1635497610842047671
3042484520346160445
-9154841644688887251
-470971077266782088
-4347956945994922212
9197443926771567742
1576091320009929587
-2352617123998186045
384880750219200695
8a8da7060e7b198a998b407a48328a30
-931407635286570246
2f0fd87ec5e13cc3bae4ef58e4943365
178dcede7b15fff3f8c4ce7c105a7c9a
-9107581401943078790
-573701392555149664
f935d8ff4c6c17829e8fdb10c2b2e0c0
2935029145289975478
-1434496210328351412
-2269447384233874141
-8210735550149110381
4535598236008945291
8f7037af8671a6c35d4797c3026dea23
8743116988872808179
b36c7aea29aaff3393410c00ff9ef616
-8004270009232534368
-3692808054438004863
-4376209492997396127
39082718065463869
7791749215178890893
6515735574755292062
1d6e403c0822c77adc74b2d5c9287adb
9171069789390059945
-5699592692976640906
-4219738554095159315
8047189755228594337
3867858391548968543
405717705241706915
8963879656969496576
-1059319352649286399
8910324065102935097
64b33804e07786ae75c29af13aa8ec9a
-6434185258928104157
2024395468562138924
-4958539285855372049
5114044598163236778
413142930536052330
-6643032584578590845
-2121378432099482967
4423072359758578560
-180498127545123448
8b36215abc5d822b97a1644978f6f402
2115896419376832035
-1180221304110458782
-6766117300905331779
-3041045139420241166
206368515420724813
5053825515192736772
5226844777032778713
-9098574020256680252
4eab8151eb6421a988129f3830958a37
515c68b31172b47a74b10ac6dd562984
8135609690547948778
8681542166696415436
889607098029677548
-2447103401738035016
-1709183225410651339
8775313767967586804
-7999925471799884708
-4597289208331821460
6216118201107755600
-464156990262665358
1066011430943092112
-6194358119134261427
2784337773406436473
58c425ab56948c74f5395d54cfe103af
8317226578900836953
-6826080529814303818
5107273369453254986
-9033936983330305820
-6739080793806426918
6628930450761819241
6586391250945970823
4443778177923222919
2441531550264101437
-5257664620238098283
-6692852153734973417
c2a3ec29b0f93376a6e1c89bbdaedba8
4394837546911502281
7289796938724204569
5839120710054087944
b41297323f431c8a723698207d08c265
3589293624962495689
3096293053996073122
58903ad85a6cdd4592efbffdcdc229f5
976245317768117793
-5215306648317272923
-839137547673398026
-8445896954416191099
6902931533402829924
1731572927494356854
-8764430644180439675
3798344552087532481
-7301898039183404955
-6010739813111245484
4337996956196532550
591b2f7162322b395cb38f610c6040d6
-2636311194407382614
b7099895cfd86d4c16bcc116cd959ccd
8207735387451334052
6073669013412948006
-1324011880348503935
5197050710561342773
7240fb03136b7750c19b09e6ae363bf0
65140631beeba9bb7afca97e4f72be32
0485da97d2503231d712cadab5008680
e5448ce31cfa16f13e24d3414b5cef8b
4588276582284330119
-1434342486947832166
553735057749449124
7532577711362124128
759855813309665887
-5420028902425458830
-878522843458361101
4572637265587857721
9194472962802876943
3879029079924314926
-1907137539153504905
9c731cacc5bab60e632221690e51ea1c
1780662480996520879
-4452882493672576208
6979019220874032096
d197efb8ad2d348872de21128b8d2791
be4c69477d90b426883fde18206fcffa
6941636045631273418
1934808952390167904
7264897666447423871
1887932168819696628
f01816208ed9afa8fad77fea467bc417
c24eda267a6de9b07edbf3a6a7c3b0e4
1572766475836103085
-9048097692212002193
-1777418995674344832
-6764182900095464297
2601333149308062429
-3061999895421027777
8194623522957278342
-5664966675328380768
747406877674924769
2716602340573647133
-8199166556140037947
-3808188152695715320
-1323575435151422918
300a0e6c52ad61ac0fa15157b5ac219a
5588139871339108661
-2851815753388489791
-3676460939407399699
588030838924166826
8dc6f99627aeb443e598479d5eb1c70a
-422652397868518681
-3731235796360073831
3741007767970510501
2eb04fc951f12681abc0a54eee25a9db
-5686735402549952675
-7245227135999307844
8600862568707144606
606c247019c76e7f74099b2a11dc3911
c2db02a286ca300eea404b61c6789796
-909093136105179113
-9051347214003290391
-5732804368630482701
8acc7cc157a182a8acc356d964af7651
2909210081064397132
-903803917097392949
15d521f959a556003f71e4c615cb077b
-5262650753651439128
7803736270102845045
-2157870978901313749
4010154446185438125
-2116178562049191303
8913377689864384938
-8771387264235141125
-8486893261811922092
6918246514764647870
2607660467899057449
-1254920945236390746
5060014456136866963
a2f1cd1eafc74aaba54abbf77eca3625
-2982128736274045100
-6433795272981206436
8697810672a05fc59094c0f7d2ea7928
-1402670810767453133
-3938711910642768009
-9130325185615429993
42d0bb18d5d7bf0e3c6473beb7e82e55
3730999667666586520
be02a8cdfcd8874d7b46b2daf3c44e49
-350063294353718395
6248419208037145791
dc89da5fc6ec6318091697591c61fee4
3090953656445825611
6001554585051160986
295249570151100520
669690daac51cb327f298c0d6c6d5abe
e42a78636a816bfbaf30a54fd0006de4
-1341833655098279381
1399976159499784222
-4877339065495749356
671872455588418561
0eab8a3811a548125bd56c6a23343b9f
ed52e7c1f0649c966f910413110e6fe9
7051043662183525517
-7461555849916625743
-8551877926578371819
92da7ef3dd2e4cfe5cc65c9664962a93
80e7a701e55cb80b2083d1478a63678d
8675995612627053786
-1577961384791671839
4937841860202483922
cad85a7f0a556e2bd40dd59fd4af35a8
-9111350605893873687
-5201092676443887709
8353878249835404561
-1984339611357942685
24341908772087643
-5495651348804295118
8649169401529550343
b3a50c57bd23123ff024a933055621ee
1569744381048824543
-973039135979517450
-4223219983880055410
f60d0bb762034cb18169bb2ae9572e98
